Array linspace:
[ 0.          0.20408163  0.40816327  0.6122449   0.81632653  1.02040816
  1.2244898   1.42857143  1.63265306  1.83673469  2.04081633  2.24489796
  2.44897959  2.65306122  2.85714286  3.06122449  3.26530612  3.46938776
  3.67346939  3.87755102  4.08163265  4.28571429  4.48979592  4.69387755
  4.89795918  5.10204082  5.30612245  5.51020408  5.71428571  5.91836735
  6.12244898  6.32653061  6.53061224  6.73469388  6.93877551  7.14285714
  7.34693878  7.55102041  7.75510204  7.95918367  8.16326531  8.36734694
  8.57142857  8.7755102   8.97959184  9.18367347  9.3877551   9.59183673
  9.79591837 10.        ]

Array random:
[0.77676786 0.7290059  0.6876267  0.58831567 0.84261328 0.18970886
 0.29721912 0.29490987 0.61225504 0.98910668 0.27561101 0.01021212
 0.22988403 0.85193755 0.2245164  0.11369713 0.52796632 0.5552079
 0.1763191  0.70485772 0.62768967 0.35088318 0.79468264 0.24378036
 0.87345772 0.73011135 0.23840337 0.45577723 0.90481788 0.23853311
 0.52999441 0.01884673 0.37609237 0.43774455 0.64569121 0.88513536
 0.90315165 0.73280532 0.04108975 0.00791326 0.10170689 0.26050525
 0.66952746 0.95176331 0.0111459  0.97711455 0.86766364 0.93813308
 0.46268449 0.61668949]

Nuovo array:
[ 0.77676786  0.93308753  1.09578997  1.20056057  1.65893981  1.21011702
  1.52170891  1.7234813   2.2449081   2.82584137  2.31642733  2.25511008
  2.67886362  3.50499877  3.08165926  3.17492162  3.79327245  4.02459566
  3.84978849  4.58240874  4.70932232  4.63659747  5.28447856  4.93765791
  5.7714169   5.83215216  5.54452582  5.96598131  6.61910359  6.15690046
  6.65244339  6.34537735  6.90670462  7.17243843  7.58446672  8.0279925
  8.25009043  8.28382573  7.79619179  7.96709693  8.26497219  8.62785218
  9.24095603  9.72727352  8.99073773 10.16078802 10.25541874 10.52996981
 10.25860286 10.61668949]

Somma nuovo array: 275.57127345427494
Somma elementi > 5: 212.8344472791898
